1.0280288457870483
1.0277760028839111
1.0243672132492065
1.0235964059829712
1.016496181488037
1.0152947902679443
1.0084478855133057
1.0065813064575195
1.001205325126648
0.9992222189903259
1.0001680850982666
0.9914379119873047
0.9927928447723389
0.9905423521995544
0.9886687994003296
0.9869316220283508
0.9834765791893005
0.983729362487793
0.9789904952049255
0.976986825466156
0.9747835993766785
0.9689496159553528
0.9711251854896545
0.9714713096618652
0.9640337824821472
0.9641836285591125
0.9602422714233398
0.9555015563964844
0.9525551795959473
0.9496567845344543
0.9528403282165527
0.9424682855606079
0.9434553980827332
0.9418948292732239
0.9347459077835083
0.9368975162506104
0.9326509833335876
0.9285454750061035
0.9225944876670837
0.9242651462554932
0.9194210171699524
0.9161977171897888
0.912544846534729
0.9094312787055969
0.9084676504135132
0.9085372686386108
0.9060674905776978
0.8979340195655823
0.8937103152275085
0.889965295791626
0.8896202445030212
0.8878033757209778
0.879715085029602
0.8803883790969849
0.8772103190422058
0.8720166683197021
0.8626526594161987
0.8682416081428528
0.8621325492858887
0.8586280941963196
0.8484456539154053
0.8509984016418457
0.8513568043708801
0.8498635292053223
0.8396900296211243
0.8387988209724426
0.8316625952720642
0.8309951424598694
0.8268480896949768
0.8218120336532593
0.8247020244598389
0.8147092461585999
0.8133031129837036
0.8118685483932495
0.8101993203163147
0.7966746687889099
0.79824298620224
0.7962120175361633
0.792701244354248
0.7877531051635742
0.7855390310287476
0.7829765677452087
0.7819001078605652
0.7815691232681274
0.7651297450065613
0.7653259038925171
0.7630435824394226
0.7637865543365479
0.7510975003242493
0.7587115168571472
0.7540193796157837
0.7485756278038025
0.7428869605064392
0.7362485527992249
0.7384951114654541
0.7345566749572754
0.7315381169319153
0.7291029691696167
0.727388858795166
0.7223768830299377
0.7193141579627991
0.7092218995094299
0.7117303013801575
0.7100239992141724
0.706995964050293
0.7057045102119446
0.7012791633605957
0.6924930214881897
0.6908330917358398
0.6889112591743469
0.6814056634902954
0.6814685463905334
0.676092267036438
0.6744759678840637
0.6696445345878601
0.6674202084541321
0.6674303412437439
0.6685909032821655
