1.0294158458709717
1.0249903202056885
1.0197169780731201
1.0161144733428955
1.013636827468872
1.0102734565734863
1.008690357208252
1.0075879096984863
1.0051805973052979
1.0035679340362549
1.0025508403778076
1.001138687133789
1.0004175901412964
1.0000733137130737
0.9988754987716675
0.9982815980911255
0.9980112314224243
0.9960745573043823
0.9949299693107605
0.9952214956283569
0.9938368797302246
0.9934349060058594
0.9924753904342651
0.9903486967086792
0.9902926683425903
0.9886533617973328
0.9873549342155457
0.9864805936813354
0.9853144884109497
0.9849502444267273
0.9834851622581482
0.9817577600479126
0.981846034526825
0.9790053367614746
0.9794307947158813
0.9780253171920776
0.9755581617355347
0.9756344556808472
0.974573016166687
0.9729102849960327
0.9721125364303589
0.9706901907920837
